49 14231614 1.000000 65534.000000 48724.173810 21141.001081 
39 13143281 1.000000 65534.000000 49962.770959 20683.507383 
46 11172313 1.000000 65534.000000 39712.342841 12047.190063 
35 24585235 1.000000 65534.000000 41407.895527 12988.073394 
36 8286176 1.000000 53881.000000 20090.433673 17977.410680 
48 5021883 1.000000 53876.000000 13260.560961 10671.636515 
44 4419312 1.000000 53881.000000 15777.288799 15315.155789 
50 173991 5.000000 53889.000000 7431.251047 5172.796967 
40 3015613 1.000000 53919.000000 7343.689098 7127.421744 
26 90962 302.000000 46805.000000 25534.963908 6347.694846 
33 14778591 1.000000 53893.000000 23389.210350 19010.167003 
25 200216 2553.000000 53552.000000 26970.222565 4393.127545 
38 4899545 1.000000 53873.000000 23605.677812 7536.717926 
27 45388 29463.000000 35316.000000 32740.775227 911.045610 
45 3848773 1.000000 53891.000000 18240.430209 11488.058409 
42 67273 8.000000 53876.000000 41649.553446 6816.031014 
34 2891794 1.000000 65534.000000 23835.439355 12954.342584 
47 107349 3.000000 53870.000000 22015.465854 10916.677454 
32 666166 1.000000 53858.000000 26111.475932 10428.656609 
28 35520 27036.000000 46364.000000 33535.210135 1258.522007 
43 375006 10.000000 53872.000000 35403.011693 2993.502753 
51 3294261 1.000000 53913.000000 20654.039960 15502.547850 
69 4200 9.000000 53867.000000 22978.677857 15895.340691 
37 526657 12.000000 65534.000000 22625.389143 11368.186807 
41 24050470 2.000000 65534.000000 14770.894214 11036.158171 
56 399192 1.000000 53856.000000 34837.371470 2672.991958 
52 1517251 2.000000 53898.000000 9620.412420 11988.214041 
30 1396261 12023.000000 48618.000000 32346.691229 2925.943343 
23 1886721 9.000000 53860.000000 33738.149473 2600.054467 
29 5088 3.000000 53866.000000 31391.355739 22933.866840 
24 127677 3.000000 53861.000000 29200.205174 7185.627331 
31 142941 3.000000 53870.000000 30411.247515 13478.393557 
21 31421 3.000000 53856.000000 20109.001209 13173.490009 
22 6661401 1.000000 53878.000000 27779.366151 13458.103610 
10 182688 2.000000 53875.000000 16905.952865 18348.376135 
65 9721 1850.000000 5911.000000 3654.422282 524.111030 
68 18023 3.000000 53864.000000 14687.077845 14057.583846 
2 236635 24.000000 53886.000000 5240.315811 5912.808214 
55 1386714 1.000000 53863.000000 21599.156874 14328.571619 
13 104288 5.000000 53863.000000 8184.288135 3094.962378 
5 547700 5.000000 53877.000000 18267.933005 12850.170226 
63 1401090 2.000000 65534.000000 14534.151715 8782.188585 
3 16678175 1.000000 53917.000000 21160.772480 13659.938495 
64 151413 2.000000 53878.000000 30669.201343 12519.273613 
15 2670428 4.000000 53854.000000 6937.304537 2124.610807 
67 35361 1.000000 65534.000000 22010.114844 19668.033820 
12 1358169 1.000000 53867.000000 15778.190280 13625.004336 
9 90957 7.000000 53895.000000 27057.303924 11648.446774 
54 11000629 1.000000 53880.000000 11706.087245 10613.541817 
6 1082136 1.000000 53905.000000 13585.220127 13631.973207 
20 4626700 2.000000 53866.000000 11016.666553 7154.782503 
8 3035409 2.000000 53936.000000 16090.289695 12358.148932 
1 4109912 1.000000 53915.000000 25176.748544 13239.433183 
60 340291 2.000000 53863.000000 12169.958941 12317.283411 
7 133341 2.000000 53870.000000 31087.435665 11047.283792 
58 4946417 1.000000 53880.000000 10437.290582 9220.931210 
61 1103938 1.000000 53893.000000 12528.911905 11264.235787 
19 1113014 2.000000 53859.000000 29976.931500 3530.479581 
62 203097 7.000000 53258.000000 30608.899467 2471.343227 
4 32718 5.000000 53866.000000 27353.953084 7733.936250 
17 99967 1.000000 53869.000000 33224.964548 15002.971456 
16 865493 1.000000 53867.000000 16261.983961 14183.056019 
14 1060843 1.000000 53870.000000 26970.462019 14667.458041 
59 2478959 2.000000 53870.000000 32207.869121 7059.437166 
18 1630 2.000000 53855.000000 24738.160123 20158.534727 
66 31283 1.000000 53859.000000 21782.783205 22033.991365 
57 690956 1.000000 53868.000000 29676.609534 15757.252024 
11 15250247 2.000000 65534.000000 65465.125505 1621.612332 
53 79364280 1.000000 65534.000000 64456.557314 8013.307139 
